4.3228
2.4689
3.3966
1.1351
4.7931
1.8803
3.949
2.1741
8.1743
6.538
4.5247
1.4653
11.563
3.3672
7.9258
2.9879
1.642
11.376
8.4515
2.2668
4.1538
5.772
7.6801
10.307
8.3788
9.5442
3.0722
12.973
2.0747
3.5843
15.993
3.6464
2.6635
4.9862
2.6746
2.2047
1.6791
3.8576
1.8284
7.1448
6.9643
3.6536
1.8671
13.419
10.118
12.585
8.7
11.255
12.206
10.283
5.0947
6.6161
3.118
2.9683
12.773
4.9407
4.8805
2.105
1.0977
12.821
1.5117
2.9239
2.2544
2.6361
11.406
5.5715
9.6821
1.5884
3.4439
2.7852
11.14
8.0679
1.5059
10.948
3.89
1.3868
7.3431
2.6249
10.738
2.8946
1.3577
3.3379
3.4683
5.1425
8.1564
3.7784
2.3226
1.3518
7.3603
1.8741
1.3286
4.2788
2.2729
3.2384
8.527
2.6581
2.7697
12.05
1.97
1.809
9.6588
3.0279
8.247
7.4447
4.9107
1.6915
2.9829
1.995
7.7144
8.3026
1.4371
3.8735
1.0438
6.8383
2.0502
7.8537
8.8606
6.1853
23.01
4.1442
3.9665
1.5943
13.546
3.1129
4.4142
3.0824
4.7794
5.4886
2.9337
3.1231
4.106
1.0362
12.246
4.2145
5.2561
3.6051
12.327
1.0101
1.8413
8.085
9.0219
1.2091
1.477
11.285
9.1063
2.3034
2.13
2.0388
9.2546
8.0123
18.395
1.1202
2.5802
1.0665
8.0494
2.3534
9.0644
2.3597
10.631
6.1199
1.7171
5.2396
5.9384
13.242
1.9826
6.6312
1.6358
6.7092
8.7604
6.2013
10.095
3.7332
2.978
12.089
5.2723
3.6894
7.6636
4.8217
1.5
17.518
4.6264
4.5755
2.4444
7.177
5.6389
2.9731
2.2109
2.9386
6.7584
2.0624
0.94708
7.0137
1.375
3.6118
10.454
1.9449
3.0925
7.5284
2.2296
6.9327
9.9773
9.6362
1.3402
5.3867
10.711
1.7303
15.493
7.2594
2.4263
9.2758
1.8022
3.6396
2.8259
10.684
6.7748
14.829
4.0206
8.6815
7.2429
4.0868
1.4828
10.58
2.285
2.2607
9.002
3.0775
9.3191
8.6046
4.2571
6.2994
3.7112
2.5911
3.4322
3.1381
2.7172
2.6138
1.5585
4.4024
16.884
1.583
10.047
7.9958
2.8055
1.4314
9.3637
11.533
5.739
1.4425
8.0308
7.8366
15.073
11.696
5.6726
3.525
6.5696
10.554
10.354
6.9162
1.919
2.4747
2.5512
0.99237
1.6482
2.8208
7.4618
6.0052
10.235
3.3436
3.8657
2.1238
8.9004
4.0488
2.1623
4.1636
3.3552
9.7954
4.7079
3.3611
5.6212
3.128
3.5314
3.7707
2.0868
3.1536
11.596
6.4437
15.345
4.588
9.9999
3.8495
12.726
12.495
14.141
8.2841
10.867
3.4022
14.719
2.6195
6.3309
3.5059
1.2505
2.168
2.4627
11.869
2.6909
1.4596
8.1921
10.43
4.368
8.9615
2.5967
9.4323
3.0874
2.2356
2.909
4.6011
7.1935
6.0377
7.4275
9.818
1.1798
8.4145
1.6729
1.5233
1.5406
3.6328
1.7632
1.2368
3.4996
12.869
6.9965
3.8981
2.5625
12.631
4.2358
6.7905
4.6936
8.643
3.1691
2.914
4.2046
9.5895
4.64
5.2071
6.3155
11.167
2.9978
1.0819
2.831
2.9534
4.5624
7.8009
3.0976
4.2893
6.235
6.5071
10.815
5.8229
2.7068
3.4932
5.873
2.8752
9.5209
1.202
1.4257
7.1605
4.3568
6.2667
2.5742
5.3702
7.4111
11.629
8.4893
2.3957
2.4928
3.487
3.5123
1.4483
6.8846
14.41
2.0988
13.683
2.9484
13.48
8.12
2.8849
2.7537
1.5768
3.0127
3.1485
7.6472
2.1561
11.029
2.9041
10.404
3.4083
3.5377
6.1695
14.227
4.1344
3.2818
1.8609
5.7058
4.0964
2.5394
3.2061
1.9061
4.4996
5.2234
7.8901
2.8557
1.0277
6.0214
3.7862
6.4283
3.5643
2.4207
13.357
1.9321
3.5441
10.259
3.1077
1.529
9.0439
5.9881
1.6239
8.433
6.7255
6.8062
13.977
3.932
10.378
1.7106
5.856
2.2232
1.9574
1.3633
4.7501
3.3147
1.1944
14.057
7.943
7.6973
4.0024
0.87014
1.5525
1.2834
14.612
3.0076
2.111
2.5042
2.2911
5.9052
2.3162
10.974
6.6928
9.1482
2.7905
2.759
2.5334
10.841
2.8704
3.833
2.1801
1.0013
3.8013
5.0176
1.2232
9.1695
7.7323
2.7437
12.287
8.7803
10.504
4.9256
3.379
2.0195
2.5098
6.742
12.014
3.2116
2.8801
14.508
5.5057
13.132
6.8695
6.4595
5.5884
1.6854
7.7659
11.316
10.188
9.3417
13.757
7.5614
1.4202
6.5532
2.4867
2.3837
2.9928
14.316
2.8407
1.113
3.4807
1.5645
8.2299
5.4212
3.0528
4.9716
9.8853
16.401
5.0639
4.1155
6.3804
2.0006
6.4755
2.8357
3.7036
1.6979
6.4915
2.1173
1.5465
3.2276
2.5213
4.3114
1.2703
2.4022
2.8655
9.9093
1.0586
3.7484
3.0426
3.5187
1.6178
7.8187
3.9062
17.18
3.4381
9.409
1.7499
2.3712
1.6606
2.2171
1.3161
3.2873
2.4565
1.4144
8.8009
9.7048
8.5847
9.3863
4.3451
2.6082
4.4385
2.4384
6.4122
19.791
2.0443
3.598
8.8208
3.2007
1.9762
7.3266
3.2926
4.6662
1.15
12.129
6.8219
1.4036
7.2923
7.595
1.9254
6.2833
1.8996
2.9435
4.7225
4.8507
1.3688
5.889
6.364
10.895
3.8091
2.3412
1.2769
2.0685
2.6853
1.8155
1.848
3.3848
2.7751
10.789
3.7558
9.7268
6.647
2.7278
8.1386
5.3531
8.5085
4.3339
11.467
10.165
3.0575
1.7957
2.6527
7.1283
7.9601
2.2972
3.5911
1.9637
3.8412
9.2099
12.369
3.1639
4.5121
5.9217
8.5463
12.678
6.2508
5.5549
6.1361
2.5568
3.2169
5.1583
2.7014
11.905
3.8249
1.7042
9.8414
1.8545
7.2759
1.3924
3.3495
7.4783
2.0809
3.6605
1.7891
5.1104
3.2708
1.2902
3.023
4.0301
5.6046
2.8006
2.7487
13.077
3.1848
3.7184
3.0672
1.257
10.143
2.3775
1.6062
8.3609
3.4145
3.1743
3.0329
1.3034
1.9515
5.4385
2.4809
8.3404
2.3655
12.922
3.9757
1.7827
2.6961
1.5174
1.8933
3.7407
2.6416
3.5775
7.8716
9.5668
0.96094
10.922
4.6531
1.776
10.33
5.6891
6.5997
1.0738
3.0477
5.8394
3.2654
2.4985
2.7644
4.0584
4.1249
5.5214
3.3091
8.6629
2.1362
3.8169
1.8871
3.332
3.298
11.5
1.3223
3.4262
2.7121
1.3461
8.4708
2.31
15.206
3.6189
1.1576
10.531
13.83
11.085
2.5453
3.2493
3.2439
16.187
2.6025
3.9847
1.6003
2.1985
9.2978
3.3732
1.5706
3.9578
1.835
4.4871
3.5509
5.3195
5.1909
7.1125
11.112
4.0393
11.001
3.2223
2.846
3.8818
2.0563
9.4975
4.6796
13.901
15.651
9.1262
9.6121
11.197
6.6777
2.0925
3.6259
12.539
10.479
2.5156
3.1952
8.1029
3.1333
0.98304
3.7937
3.6965
10.071
3.1027
1.1869
7.0301
3.5576
1.63
10.213
3.4745
1.7369
12.166
11.057
2.6801
1.3099
1.7435
4.4504
7.0796
6.1525
14.945
2.9584
5.175
1.9125
4.1945
10.023
2.1924
1.1279
8.2655
2.1429
1.6543
17.909
3.4203
7.5449
1.1652
8.9416
11.662
1.3343
1.4886
3.7634
1.612
1.0511
5.033
4.6139
1.1726
7.9087
2.033
11.762
9.4762
4.4748
1.2304
4.0677
2.0263
4.2468
2.3289
11.832
3.6747
1.454
3.4498
4.174
1.2163
5.4722
2.6692
10.763
9.7494
6.2179
2.3473
8.7199
13.024
7.7837
6.5847
6.1038
3.2602
6.3475
4.2253
5.303
2.5685
2.1863
1.4089
3.2547
4.0769
11.226
3.018
4.3908
2.7226
7.096
2.4506
11.346
1.7698
7.5778
2.2789
8.2113
13.613
2.9634
5.127
6.6627
11.436
1.4711
7.5113
2.0125
5.9552
5.0792
6.0541
9.2312
2.7388
5.7227
3.2762
7.2107
1.9384
3.9148
8.396
8.9814
9.932
3.3035
5.4039
4.8953
6.9807
1.0189
1.7566
5.7894
6.854
1.6668
9.1894
2.6473
5.4556
4.5499
8.5655
1.2635
6.9018
2.4325
3.9232
3.3204
3.0378
7.6293
7.6122
4.7358
2.8992
6.5227
2.8107
3.9937
11.94
1.7237
1.2969
2.7954
9.0857
4.8655
2.2479
5.7556
7.0466
9.4543
9.956
3.456
7.3932
18.995
1.9889
4.268
4.426
1.1053
7.978
5.0014
2.8157
2.6305
6.0708
2.0061
1.0898
2.3898
2.9288
8.8819
8.6238
8.7398
21.026
4.8067
4.7648
5.5385
1.1425
7.3088
4.1842
4.8361
2.8898
4.3794
2.1496
5.6553
2.2414
7.0631
2.9189
7.2271
15.815
2.7331
3.1434
2.5275
4.5375
10.657
3.1586
8.921
4.3004
3.1899
5.3359
1.2435
1.4941
10.605
8.84
11.975
11.797
7.4948
3.0029
12.451
4.9565
12.41
2.5858
7.7487
13.298
2.8508
0.92875
2.7801
3.6819
4.0115
5.0483
1.3809
3.4622
2.4146
1.5349
3.3261
2.8607
6.3962
5.2885
3.5708
5.806
2.4081
3.7258
3.6676
16.631
7.3761
3.1796
6.0875
5.9713
0.97268
13.187
2.3351
1.822
3.9409
11.727
3.0623
3.2331
9.7714
4.4627
8.3211
1.3979
9.8633
3.3908
6.9478
