700 
4 
4 
4 
4 
3 
3 
3 
3 
4 
4 
4 
4 
3 
3 
3 
3 
4 
4 
4 
4 
3 
3 
3 
3 
4 
4 
4 
4 
3 
3 
3 
3 
4 
4 
4 
4 
3 
3 
3 
3 
4 
4 
4 
4 
3 
3 
3 
3 
4 
4 
4 
4 
3 
3 
3 
3 
4 
4 
4 
4 
3 
3 
3 
3 
4 
4 
4 
4 
3 
3 
3 
3 
4 
4 
4 
4 
3 
3 
3 
3 
4 
4 
4 
4 
3 
3 
3 
3 
4 
4 
4 
4 
3 
3 
3 
3 
4 
4 
4 
4 
3 
3 
3 
3 
4 
4 
4 
4 
3 
3 
3 
3 
4 
4 
4 
4 
3 
3 
3 
3 
4 
4 
4 
4 
3 
3 
3 
3 
4 
4 
4 
4 
3 
3 
3 
3 
4 
4 
4 
4 
3 
3 
3 
3 
4 
4 
4 
4 
3 
3 
3 
3 
4 
4 
4 
4 
3 
3 
3 
3 
4 
4 
4 
4 
3 
3 
3 
3 
4 
4 
4 
4 
3 
3 
3 
3 
4 
4 
4 
4 
3 
3 
3 
3 
4 
4 
4 
4 
3 
3 
3 
3 
4 
4 
4 
4 
3 
3 
3 
3 
2 
3 
5 
34 
1 
4 
6 
9 
1 
4 
7 
36 
2 
3 
8 
11 
1 
6 
7 
2 
5 
8 
3 
5 
8 
4 
6 
7 
2 
10 
11 
13 
9 
12 
14 
17 
4 
9 
12 
15 
10 
11 
16 
19 
9 
14 
15 
10 
13 
16 
11 
13 
16 
12 
14 
15 
10 
18 
19 
21 
17 
20 
22 
25 
12 
17 
20 
23 
18 
19 
24 
27 
17 
22 
23 
18 
21 
24 
19 
21 
24 
20 
22 
23 
18 
26 
27 
29 
25 
28 
30 
33 
20 
25 
28 
31 
26 
27 
32 
35 
25 
30 
31 
26 
29 
32 
27 
29 
32 
28 
30 
31 
26 
34 
35 
37 
1 
33 
36 
38 
28 
33 
36 
39 
3 
34 
35 
40 
33 
38 
39 
34 
37 
40 
35 
37 
40 
36 
38 
39 
42 
43 
45 
74 
41 
44 
46 
49 
41 
44 
47 
76 
42 
43 
48 
51 
41 
46 
47 
42 
45 
48 
43 
45 
48 
44 
46 
47 
42 
50 
51 
53 
49 
52 
54 
57 
44 
49 
52 
55 
50 
51 
56 
59 
49 
54 
55 
50 
53 
56 
51 
53 
56 
52 
54 
55 
50 
58 
59 
61 
57 
60 
62 
65 
52 
57 
60 
63 
58 
59 
64 
67 
57 
62 
63 
58 
61 
64 
59 
61 
64 
60 
62 
63 
58 
66 
67 
69 
65 
68 
70 
73 
60 
65 
68 
71 
66 
67 
72 
75 
65 
70 
71 
66 
69 
72 
67 
69 
72 
68 
70 
71 
66 
74 
75 
77 
41 
73 
76 
78 
68 
73 
76 
79 
43 
74 
75 
80 
73 
78 
79 
74 
77 
80 
75 
77 
80 
76 
78 
79 
82 
83 
85 
114 
81 
84 
86 
89 
81 
84 
87 
116 
82 
83 
88 
91 
81 
86 
87 
82 
85 
88 
83 
85 
88 
84 
86 
87 
82 
90 
91 
93 
89 
92 
94 
97 
84 
89 
92 
95 
90 
91 
96 
99 
89 
94 
95 
90 
93 
96 
91 
93 
96 
92 
94 
95 
90 
98 
99 
101 
97 
100 
102 
105 
92 
97 
100 
103 
98 
99 
104 
107 
97 
102 
103 
98 
101 
104 
99 
101 
104 
100 
102 
103 
98 
106 
107 
109 
105 
108 
110 
113 
100 
105 
108 
111 
106 
107 
112 
115 
105 
110 
111 
106 
109 
112 
107 
109 
112 
108 
110 
111 
106 
114 
115 
117 
81 
113 
116 
118 
108 
113 
116 
119 
83 
114 
115 
120 
113 
118 
119 
114 
117 
120 
115 
117 
120 
116 
118 
119 
122 
123 
125 
154 
121 
124 
126 
129 
121 
124 
127 
156 
122 
123 
128 
131 
121 
126 
127 
122 
125 
128 
123 
125 
128 
124 
126 
127 
122 
130 
131 
133 
129 
132 
134 
137 
124 
129 
132 
135 
130 
131 
136 
139 
129 
134 
135 
130 
133 
136 
131 
133 
136 
132 
134 
135 
130 
138 
139 
141 
137 
140 
142 
145 
132 
137 
140 
143 
138 
139 
144 
147 
137 
142 
143 
138 
141 
144 
139 
141 
144 
140 
142 
143 
138 
146 
147 
149 
145 
148 
150 
153 
140 
145 
148 
151 
146 
147 
152 
155 
145 
150 
151 
146 
149 
152 
147 
149 
152 
148 
150 
151 
146 
154 
155 
157 
121 
153 
156 
158 
148 
153 
156 
159 
123 
154 
155 
160 
153 
158 
159 
154 
157 
160 
155 
157 
160 
156 
158 
159 
162 
163 
165 
194 
161 
164 
166 
169 
161 
164 
167 
196 
162 
163 
168 
171 
161 
166 
167 
162 
165 
168 
163 
165 
168 
164 
166 
167 
162 
170 
171 
173 
169 
172 
174 
177 
164 
169 
172 
175 
170 
171 
176 
179 
169 
174 
175 
170 
173 
176 
171 
173 
176 
172 
174 
175 
170 
178 
179 
181 
177 
180 
182 
185 
172 
177 
180 
183 
178 
179 
184 
187 
177 
182 
183 
178 
181 
184 
179 
181 
184 
180 
182 
183 
178 
186 
187 
189 
185 
188 
190 
193 
180 
185 
188 
191 
186 
187 
192 
195 
185 
190 
191 
186 
189 
192 
187 
189 
192 
188 
190 
191 
186 
194 
195 
197 
161 
193 
196 
198 
188 
193 
196 
199 
163 
194 
195 
200 
193 
198 
199 
194 
197 
200 
195 
197 
200 
196 
198 
199 
