8 
6 
9 
4 
10 
11 
9 
11 
4 
6 
4 
7 
8 
9 
9 
11 
9 
11 
5 
9 
9 
8 
11 
4 
8 
11 
14 
42 
106 
140 
174 
190 
191 
34 
36 
85 
120 
125 
131 
20 
25 
27 
29 
31 
117 
122 
145 
176 
38 
80 
89 
115 
21 
44 
78 
84 
98 
99 
116 
123 
159 
166 
7 
24 
59 
62 
121 
124 
138 
154 
164 
169 
192 
76 
148 
149 
152 
172 
175 
195 
196 
197 
15 
22 
39 
56 
72 
77 
79 
128 
142 
179 
200 
30 
47 
83 
135 
37 
54 
95 
119 
156 
193 
50 
52 
171 
188 
43 
48 
55 
63 
105 
144 
165 
13 
49 
102 
113 
130 
132 
146 
161 
12 
23 
57 
58 
92 
114 
139 
158 
187 
4 
16 
66 
71 
93 
147 
163 
181 
189 
45 
46 
69 
74 
88 
108 
134 
137 
141 
155 
178 
2 
64 
73 
75 
87 
97 
129 
136 
186 
5 
6 
17 
40 
53 
61 
96 
101 
107 
111 
167 
35 
90 
110 
170 
173 
9 
32 
33 
67 
109 
127 
160 
182 
183 
3 
18 
19 
41 
70 
82 
91 
198 
199 
8 
28 
51 
100 
112 
118 
185 
194 
10 
65 
86 
94 
103 
133 
143 
153 
168 
180 
184 
68 
104 
126 
151 
1 
26 
60 
81 
150 
157 
162 
177 
