3.4186
1.9525
2.6862
0.89767
3.7906
1.487
3.123
1.7194
6.4648
5.1706
3.5783
1.1588
9.1445
2.663
6.2678
2.363
1.2986
8.9962
6.684
1.7927
3.285
4.5648
6.074
8.1512
6.6264
7.5479
2.4296
10.26
1.6408
2.8346
12.648
2.8838
2.1065
3.9434
2.1152
1.7436
1.3279
3.0508
1.446
5.6506
5.5076
2.8895
1.4766
10.612
8.002
9.9523
6.8804
8.9004
9.6532
8.132
4.0291
5.2324
2.4658
2.3475
10.101
3.9073
3.8598
1.6647
0.86814
10.14
1.1955
2.3124
1.7828
2.0848
9.0202
4.4062
7.6573
1.2561
2.7236
2.2027
8.8099
6.3803
1.1909
8.6581
3.0764
1.0967
5.8071
2.0759
8.4917
2.2892
1.0737
2.6398
2.7428
4.0669
6.4502
2.9881
1.8369
1.0691
5.8206
1.4822
1.0507
3.3838
1.7975
2.5611
6.7436
2.1021
2.1905
9.5298
1.558
1.4307
7.6386
2.3946
6.5223
5.8874
3.8836
1.3377
2.359
1.5778
6.101
6.5663
1.1365
3.0634
0.82549
5.408
1.6213
6.2113
7.0074
4.8916
18.198
3.2774
3.1369
1.2608
10.713
2.4618
3.491
2.4377
3.7798
4.3407
2.3201
2.4698
3.2472
0.81947
9.6842
3.3331
4.1568
2.8511
9.749
0.7988
1.4562
6.3943
7.1348
0.95617
1.1681
8.9252
7.2018
1.8216
1.6845
1.6124
7.3189
6.3368
14.547
0.88592
2.0405
0.84341
6.3658
1.8612
7.1686
1.8662
8.4078
4.8399
1.358
4.1437
4.6963
10.473
1.5679
5.2443
1.2937
5.3059
6.9281
4.9043
7.9832
2.9524
2.3551
9.5608
4.1696
2.9178
6.0605
3.8132
1.1863
13.854
3.6588
3.6186
1.9332
5.676
4.4595
2.3513
1.7485
2.324
5.3448
1.631
0.74899
5.547
1.0874
2.8564
8.2678
1.5382
2.4457
5.9538
1.7632
5.4827
7.8905
7.6205
1.0599
4.26
8.471
1.3684
12.252
5.7413
1.9188
7.336
1.4252
2.8785
2.2349
8.4497
5.3578
11.728
3.1797
6.866
5.7278
3.232
1.1726
8.3668
1.8071
1.7879
7.1193
2.4338
7.3702
6.8048
3.3667
4.9818
2.935
2.0492
2.7143
2.4818
2.1489
2.0671
1.2325
3.4816
13.352
1.2519
7.9454
6.3233
2.2188
1.1319
7.4054
9.1205
4.5387
1.1408
6.3512
6.1973
11.92
9.2492
4.4861
2.7877
5.1955
8.3471
8.1885
5.4697
1.5177
1.9571
2.0176
0.7848
1.3035
2.2309
5.9009
4.7492
8.0947
2.6444
3.0572
1.6796
7.039
3.202
1.71
3.2928
2.6535
7.7464
3.7232
2.6581
4.4456
2.4737
2.7928
2.9821
1.6504
2.494
9.1702
5.0959
12.135
3.6284
7.9087
3.0444
10.065
9.8813
11.184
6.5513
8.5943
2.6906
11.641
2.0716
5.0068
2.7726
0.98893
1.7146
1.9476
9.3859
2.1281
1.1543
6.4788
8.2481
3.4544
7.0872
2.0536
7.4593
2.4417
1.7681
2.3005
3.6388
5.6889
4.7749
5.8739
7.7646
0.93309
6.6545
1.323
1.2046
1.2183
2.873
1.3944
0.97819
2.7677
10.178
5.5329
3.0828
2.0266
9.9887
3.3498
5.3702
3.7119
6.8353
2.5062
2.3045
3.3252
7.5837
3.6695
4.1181
4.9946
8.8317
2.3709
0.85565
2.2388
2.3357
3.6082
6.1694
2.4498
3.3922
4.9309
5.1462
8.5533
4.6051
2.1406
2.7626
4.6447
2.2738
7.5293
0.95058
1.1275
5.663
3.4455
4.956
2.0357
4.247
5.861
9.1969
6.7135
1.8946
1.9714
2.7576
2.7777
1.1454
5.4449
11.396
1.6599
10.821
2.3317
10.661
6.4217
2.2815
2.1778
1.247
2.3826
2.49
6.0476
1.7051
8.7223
2.2966
8.2279
2.6954
2.7978
4.8791
11.251
3.2697
2.5954
1.4717
4.5124
3.2397
2.0083
2.5355
1.5075
3.5585
4.131
6.2398
2.2584
0.81279
4.762
2.9943
5.0838
2.8188
1.9144
10.564
1.528
2.8028
8.1134
2.4578
1.2092
7.1525
4.7357
1.2843
6.6695
5.3189
5.3826
11.053
3.1096
8.2077
1.3528
4.6312
1.7582
1.548
1.0781
3.7566
2.6214
0.94463
11.117
6.2818
6.0875
3.1653
0.68815
1.2278
1.015
11.556
2.3786
1.6695
1.9805
1.8119
4.6702
1.8317
8.6788
5.293
7.2349
2.2069
2.1819
2.0035
8.5741
2.27
3.0313
1.7241
0.79185
3.0062
3.9681
0.96736
7.2515
6.1149
2.1699
9.7171
6.9436
8.3072
3.8954
2.6722
1.5971
1.9849
5.3319
9.5005
2.5399
2.2777
11.474
4.3541
10.386
5.4329
5.1084
4.4196
1.3328
6.1419
8.9492
8.0574
7.3878
10.88
5.9796
1.1232
5.1826
1.9667
1.8852
2.3669
11.322
2.2466
0.88022
2.7527
1.2373
6.5083
4.2873
2.4143
3.9317
7.818
12.971
4.0047
3.2548
5.0458
1.5822
5.1211
2.2426
2.929
1.3428
5.1338
1.6744
1.223
2.5526
1.9939
3.4097
1.0046
1.8997
2.2661
7.8366
0.8372
2.9644
2.4062
2.7828
1.2794
6.1834
3.0892
13.587
2.719
7.4412
1.3839
1.8752
1.3133
1.7534
1.0409
2.5997
1.9428
1.1185
6.9602
7.6749
6.7893
7.423
3.4363
2.0626
3.5102
1.9284
5.0711
15.652
1.6167
2.8455
6.9758
2.5313
1.5628
5.7941
2.604
3.6902
0.90948
9.5919
5.3951
1.11
5.7672
6.0066
1.5227
4.9691
1.5023
2.3279
3.7348
3.8361
1.0826
4.6574
5.033
8.6161
3.0124
1.8515
1.0098
1.6358
2.1237
1.4358
1.4615
2.6769
2.1946
8.5321
2.9702
7.6925
5.2567
2.1573
6.4363
4.2335
6.7291
3.4274
9.069
8.0393
2.418
1.4201
2.0979
5.6376
6.2953
1.8167
2.84
1.553
3.0378
7.2836
9.7819
2.5021
3.5684
4.6831
6.7586
10.026
4.9434
4.3931
4.8528
2.0221
2.5441
4.0795
2.1364
9.4144
3.0248
1.3477
7.7832
1.4666
5.7543
1.1012
2.649
5.9144
1.6457
2.8949
1.4149
4.0416
2.5867
1.0204
2.3907
3.1872
4.4324
2.2149
2.1738
10.342
2.5187
2.9407
2.4257
0.99417
8.0212
1.8802
1.2702
6.612
2.7003
2.5104
2.3986
1.0307
1.5433
4.301
1.9621
6.5959
1.8708
10.219
3.1442
1.4098
2.1321
1.2
1.4973
2.9584
2.0891
2.8293
6.2254
7.5661
0.75998
8.6373
3.6799
1.4046
8.1693
4.4992
5.2194
0.84917
2.4103
4.618
2.5824
1.976
2.1862
3.2095
3.2621
4.3666
2.617
6.8509
1.6893
3.0185
1.4924
2.6351
2.6082
9.0948
1.0457
2.7096
2.1448
1.0646
6.6991
1.8269
12.026
2.8619
0.91551
8.3285
10.938
8.7664
2.013
2.5696
2.5654
12.801
2.0582
3.1513
1.2656
1.7387
7.3531
2.6677
1.2421
3.13
1.4512
3.5486
2.8081
4.2069
4.1052
5.6246
8.7882
3.1945
8.7
2.5483
2.2507
3.0699
1.6262
7.5112
3.7009
10.994
12.377
7.2173
7.6019
8.855
5.2811
1.6548
2.8675
9.9168
8.2875
1.9895
2.5269
6.4083
2.4779
0.77745
3.0002
2.9234
7.9646
2.4538
0.93859
5.5599
2.8136
1.2892
8.0765
2.7478
1.3737
9.6212
8.7441
2.1195
1.0359
1.3788
3.5196
5.5987
4.8657
11.819
2.3396
4.0927
1.5125
3.3173
7.9268
1.7338
0.89199
6.5368
1.6947
1.3083
14.164
2.7049
5.9668
0.92146
7.0716
9.2226
1.0552
1.1772
2.9763
1.2749
0.83129
3.9803
3.6488
0.92741
6.2544
1.6078
9.3016
7.494
3.5389
0.97304
3.2169
1.6025
3.3585
1.8418
9.3575
2.9062
1.1499
2.7283
3.301
0.96185
4.3277
2.1108
8.5119
7.7102
4.9174
1.8563
6.896
10.3
6.1559
5.2075
4.8272
2.5783
5.0199
3.3415
4.1939
2.0313
1.729
1.1142
2.574
3.2242
8.8782
2.3867
3.4725
2.1531
5.6117
1.9381
8.9723
1.3996
5.9931
1.8023
6.4938
10.766
2.3436
4.0547
5.2691
9.0451
1.1634
5.9403
1.5916
4.7097
4.0168
4.7879
7.3008
2.1659
4.5258
2.591
5.7024
1.5329
3.096
6.6399
7.1028
7.8548
2.6126
4.2736
3.8715
5.5205
0.80584
1.3892
4.5785
5.4205
1.3182
7.2676
2.0935
4.3145
3.5983
6.7742
0.99923
5.4583
1.9237
3.1027
2.6259
2.4025
6.0336
6.0201
3.7452
2.2928
5.1585
2.2228
3.1584
9.4419
1.3632
1.0257
2.2108
7.1857
3.8479
1.7778
4.5518
5.5729
7.477
7.8734
2.7331
5.847
15.022
1.5729
3.3753
3.5003
0.87415
6.3093
3.9554
2.2268
2.0803
4.8011
1.5865
0.86187
1.89
2.3163
7.024
6.8203
6.912
16.628
3.8013
3.7682
4.3801
0.90362
5.7802
3.3091
3.8246
2.2854
3.4635
1.7
4.4725
1.7726
5.5859
2.3084
5.7154
12.506
2.1615
2.4859
1.9989
3.5885
8.4284
2.498
7.055
3.4009
2.5227
4.2199
0.98342
1.1816
8.3865
6.9913
9.4703
9.3291
5.9274
2.3748
9.8467
3.9199
9.8147
2.045
6.1279
10.517
2.2546
0.73448
2.1986
2.9118
3.1725
3.9925
1.0921
2.7381
1.9096
1.2138
2.6305
2.2624
5.0584
4.1824
2.824
4.5916
1.9045
2.9465
2.9006
13.153
5.8335
2.5146
4.8142
4.7224
0.76925
10.428
1.8467
1.441
3.1166
9.2741
2.4218
2.5569
7.7278
3.5293
6.5809
1.1055
7.8004
2.6816
5.4946
