0.000141867401023192
0.000904771046938322
0.00565698275777516
0.000635753393177909
0.00391290537442092
0.000505137325604272
0.00318523777091639
0.00259627703717616
0.00554555403824824
9.28710038495782e-05
0.00165357474650306
0.000418437348086840
0.00107294293771053
0.00184632899024122
-0.000836793483097973
0.00390145593136030
0.00351307435266120
0.000290199407987817
0.00280429478161698
0.000726777530116640
0.00103252630720609
0.00235237993696626
0.00342770864861684
0.000993607366201193
0.000504621643718218
0.000535201728800895
0.000435774793120028
-5.28549169767986e-05
0.00353151982653323
0.000577765707916570
0.00235973838936896
0.00386806466984290
-1.30119884726105e-05
0.00343385024159488
0.00775331338790122
0.00106170195812045
0.00166460896139837
0.00328928831549519
0.00320665779260689
0.00253577005115783
0.000837761341999647
0.00737227892658735
0.00279832988831798
0.00109080135186088
0.00177709181403849
0.00267972621073523
0.00345132547785278
0.000149782916347534
0.00196884311447966
0.00473792155621163
0.00489090432176789
0.00528128477999114
0.000245872022532731
0.000908856522073501
0.00268592693464333
0.00418187761685726
0.00156949036903970
9.69074254063525e-05
0.000946257272691083
0.00327051303684273
0.00232676706658317
0.00225118673486587
0.000203443942493636
-0.000281168127276292
0.00182068400094347
0.00755280976533960
0.00790935166788549
0.00437502913203019
0.00127614187737322
0.00475462081562500
-2.27792010550861e-05
-6.03375069192217e-05
0.00375462793567672
-7.70101631987065e-05
0.000673101395496599
0.00365396707018009
0.000279275404469125
0.0110852182589485
-0.000503905583736832
0.00716968672342016
0.00618938463345659
0.000531463461205492
0.00220888594310310
-0.000871254798017478
0.00259651134297551
0.000102405661761524
-0.000304433782006579
0.000875771541362431
0.00720252589657199
-0.000208756728246970
-0.000360973456201742
0.00118504776173049
0.00419040721909494
8.22645975413182e-05
0.00153674505516435
0.00900901736853459
0.00277126364695400
0.00462282866498346
0.00194857036266548
0.00179698398389506
0.00141080762080308
0.00171165967286138
0.00311797937846501
0.000241267947229101
0.000276586955268025
0.00312862266009018
0.00486769438667445
0.00365374249617348
0.00154391943084763
0.00177915915085551
0.00295067612749418
0.00172143685926031
0.00360080254621386
0.00171173918424540
0.00630917576628710
0.00212676403803118
0.00677103663980017
0.00553825207093554
-0.000927351606295592
0.00484062683889042
0.00552914113465426
0.00223915495370234
0.00496676108086168
0.00560438631143768
0.00282619534662056
0.00212539683334827
0.00136426209923832
0.00482602218746275
0.000628354233964026
0.00147000938765964
0.00293963303812182
0.000463657701572287
0.00540724786032675
0.00384643488734491
-0.000145945945175021
0.00138712421725968
0.00116800688052354
4.96365447965413e-05
0.00146966620474983
0.00251320780426795
0.00102534293245707
0.00301671699600898
0.000568811389827376
0.00598902844842341
0.000692982292111573
0.00317967112179514
0.00118743001063428
-0.000352561624701997
0.00100315122691996
0.00512879301180912
3.90998831736747e-06
0.00942324100332179
0.000258593426908982
0.00147169986599106
0.000899074768642180
0.00465970962014644
0.000540334661230030
0.000860376107622919
0.00198271699256946
0.000918068987792778
0.00205385421871808
0.00313351443000787
0.000298004604462159
0.00110407402074965
0.000593212775943366
0.00403641014482593
0.00143457623293817
0.00257403964297735
0.00183790276074368
0.00141330299292865
0.00153858247061695
0.00100716743243680
0.00478940387872435
0.00273947626183455
-0.000242932999990088
0.00508096141970755
0.00287658736968704
0.000460630429385966
0.00197225175014877
0.00392058699991228
0.00296705046475779
0.00509603228569522
-0.000174235152132080
0.000749685938337498
0.00151966116894459
0.00464534965585581
0.00574656331558670
0.00237445108063992
0.00959176547758247
0.00309354918642399
0.00324093650911297
0.00248716219678405
-5.44882831497374e-05
0.00168143163331869
0.00595848851986962
0.000901518192835852
0.000567239329759407
0.00580396540299497
0.000482296902597566
0.00320265344018209
-0.000501124354325517
0.00496024619682254
-3.26305155168150e-05
0.000690753001738241
0.00127895758098457
0.00258536719317596
0.00606891195421631
0.00536298580565751
0.00104606845162229
0.00263191219515385
0.00111849229323842
-0.000738000756094338
0.000547612121831526
0.000366099015728250
-0.000260234505206083
0.00465805237497871
0.00138372858180628
0.00954408727452626
0.00104788406782915
0.00229444424243859
-0.000675313102413218
0.00597873871198221
0.000597863368913684
0.00159447501091376
0.00392023509702165
0.000634685291812788
-0.000229444263765853
0.00175448573904117
0.00101516081200695
5.04093294278649e-05
0.00972333911592151
0.00487490491050025
0.00186750993973895
0.00316864693189141
0.00376224344072347
0.00158426314541177
0.00149441959221446
-0.000340314047805941
0.00218535724910040
-0.000622574029578607
0.000442955089362858
0.00409872697311439
0.00166592845294262
0.00398651361581467
0.00128582605084219
0.00428160001453161
0.0102316011301329
0.00154718857335364
-1.05345545097814e-06
0.00846996494375158
0.00150994376639781
0.00223047362488811
0.000449091257891655
0.00207522540363271
0.00223609415265320
0.000718705259787087
0.00787051398593401
0.00243802091198853
0.00163825894594438
0.00766879837233957
0.00201156505477405
0.00179719113722622
0.000783001200880117
0.00102764193310088
-0.000397129047062584
0.00392268938621625
0.00533967598097959
0.00308147735032169
0.000961931393678124
0.00142060905740245
0.00418871431889945
0.000730652493832094
0.00390175890161440
0.000738342141437699
0.00242619338156648
0.00119060175448221
0.000623504406748452
0.000202979332758981
0.00410451992719710
0.00685714160977131
0.000396705983446673
0.00115199476358283
0.000717317913543943
0.00213077490282695
0.00450846734694556
0.00229040718824957
0.00343397614560410
0.00340051877094363
0.00179755984972082
0.00255923890072943
2.57769890081607e-05
0.00238238898010703
0.00159905309744451
0.00349765566129387
0.00111122292031843
0.000765426981457546
0.00113206060265292
8.69450488336313e-05
0.00309074977919895
0.00117382318081626
0.00226580317141361
0.00236865404031823
0.000142528980227065
0.00181289532620948
0.000628830338984815
0.000616294207754804
0.00272011842348931
-1.88600861502249e-05
0.00333648311440149
0.00747191592618821
0.000493541112203364
-0.000263326263205198
0.00198413624968701
0.00601397459942887
0.00185295308285598
-0.000752059260169370
0.00239145125464093
0.00347961514120586
-0.000159554001061969
0.00221820126352126
0.00407804817447626
0.00207191860810540
0.00435989065406162
0.00175582176117494
0.00453896824486933
0.000962052545089619
0.000310704427728668
0.0120170706286837
0.00123832953349549
0.00114119254705309
0.00231050547325952
0.00228052569248306
0.00108717972578919
0.00102159358018289
0.000492318963783872
0.00206944996792318
-2.44451865534067e-05
0.00195217866262173
0.00327411383859460
0.00218083175084254
0.00183124490492677
0.000620276856384506
0.00274282853172566
0.00125857658241177
0.00141862241922869
0.0101253075573093
0.000480351064360907
0.00183379851778024
0.00482350306429523
0.000948691749965333
-0.000182309039294562
0.00344166458976930
0.000675710917520493
0.00527249556877124
7.81941417618821e-05
0.00370992107577777
0.00179386053084268
0.00374171452136741
0.000678804725135742
0.00230127680534585
0.00165500676424636
-0.000190902672170904
0.00325165267124143
0.00329164187857896
0.000256526945453377
0.00216248346631382
0.00371399379862025
0.000160052329365605
-0.000470618676293765
0.000864974460478191
0.00789016865924730
0.000306568777278765
0.00325419524651588
0.00540458260685232
0.00305601656109965
0.00281897023463122
0.000812796322710162
0.00998335425373828
0.000546797346798239
0.00420816215900379
-0.000134895016630805
0.00458224725717262
0.00576608834811671
0.00391249375757588
0.000891168773261510
0.00325651039957067
0.000862127595450027
0.00368962454580287
0.00588948144974121
0.00432562343748672
0.000547060901022176
0.000303127293243080
0.00716004134634041
0.00332738084418996
0.00268148449647311
0.00298292876527069
0.00412680913274932
0.00505338107086261
0.00166741053763125
0.00418509000713466
0.00275716857691618
0.00151163083240357
0.00559078310002562
0.00488916726641049
0.00209314768778965
0.00140034170452929
0.00358709152920824
7.74756842450897e-05
0.00211159194575245
0.00289984745341942
0.00160073571690138
0.00256655267761659
0.00305128662874636
0.00150898006959757
0.00791349400006274
0.000701245916803548
0.00439246640752631
0.00112661811538675
0.00582399503055665
0.00257773142402907
0.00593097739413638
0.00307199932045147
0.00215314545286308
0.00249382909525859
0.00278015595315349
0.00210941618174823
-0.000330906812476243
-0.000342358356893412
-0.000222495409126309
-0.000412055363309093
0.00143972503438130
0.00368565558033926
0.00160637032581567
0.000128028539242238
5.81854490138991e-05
0.00147252921735707
-0.000336999434225783
0.00304902495358540
0.00309961306767249
0.00316895112546327
0.000532570633278174
0.00175847068735097
0.00125984632191978
0.00207430095854217
0.00263869254188966
0.00149450546193240
0.000110827434244473
0.00104925423741432
0.00222198835831126
0.00376971660598651
0.00163051863526666
0.000723857640255913
0.00229861813011155
0.00152378156784625
0.00605609836071933
0.000344540185231873
0.00750912865905385
0.000709446449175423
-0.000492408224526010
0.00633030799362641
0.00457069762303543
0.00102342633321815
0.00477401335334330
0.000431307971361646
0.00288728757793620
0.000134006337248928
0.000966450594904875
0.00264594424975836
0.00200725839817774
0.00309485153611693
0.000974609680472670
3.15703892587000e-05
0.000937944855716412
0.00231402854422116
0.00595976150984294
0.00129571884326234
0.00478528910099659
0.00523177066124851
0.00292747629045510
0.00281753572688570
0.00159743904811398
0.00156186185001705
0.00918952403542702
-0.000154695860404982
0.00417609275468359
0.00518141010002381
0.00339655286907921
0.00151166547359685
0.000902770718508888
0.00428454282014755
0.00268249129194103
0.00117504983290089
0.00101203681187434
0.000298075192478555
0.00563449747017052
0.00167930491535843
0.00127508406529759
0.00114150278556282
0.00378011499496651
0.00237687343771003
-0.000268370933614596
0.00226348350419470
0.000494643060262361
0.000583281445426447
0.00136665469042087
0.000399747145115139
0.000157422435410645
0.00145877297338697
0.00323873846100092
-0.000252647298015207
0.00674456732533129
0.00421463407641414
0.00611599061641677
4.04110949658071e-05
0.00100179856807915
0.00240453851001547
0.00145742125712127
0.00558055280831567
0.000834164396902398
0.00431458004427639
-8.75040303547534e-05
-0.000404695064759248
0.00163018064731931
0.000564060285406166
0.00639727497844900
0.00306712247583795
0.00337382459628416
0.00369940754184195
0.00545356607124199
0.00140548274799236
0.000137921699274622
-0.000172251897237542
0.00141503581080614
0.00103245713900606
0.00371452451519222
0.00416535159326079
0.000852657937712855
0.000856117129679788
0.000671965705371185
0.00186375718100991
3.55254626180344e-05
0.00362100801481767
0.00281779876387971
0.00526560986734270
0.00274623447117363
0.000130479091152410
0.00169994866241623
0.00596195734853559
-2.90472193348052e-05
0.00101013415701737
0.00332791043939479
0.00446336988849474
0.00729164795234528
0.00411765995758537
0.00134055170700817
0.00672970701008720
0.00150072611539706
0.00113276762769355
0.00109255791371453
0.00215888726007033
0.00155976193185921
0.00523105599913729
0.00530612083626412
0.00353512026151484
-0.000637908763963814
-0.000374384507823706
0.00246332375109035
-0.000147500913372006
0.00960652730954674
0.00373204413025933
-5.52832012749098e-05
0.00526829596998019
0.00219693343365514
0.00144667461225408
-0.000509993323781954
0.00251564660092201
0.000844520784576673
0.00240237111990156
0.000540302919602708
0.00128630944996653
7.94376051087263e-05
-0.000324493149136544
0.00367233358796274
0.00129056663226924
0.00219577567926783
0.00306720116429420
0.00511943595230820
0.00627076745260375
0.00888570500302583
0.00248567858648401
0.00285403048725321
0.00134252725103366
-0.000567736613346400
0.000463830733554118
0.00237478781362197
0.00261588752394827
0.00355861889133124
0.00468275742714177
0.00571299579102658
0.000625911422093248
0.00177168343619545
0.00676816865704773
0.00218208514190230
0.00555641689731405
0.00390023314117236
0.00275350318579528
0.0168768079090813
0.000920983368175016
0.000701936185459266
6.12750871472256e-05
0.00218951967737160
9.90223339279927e-05
0.00281263447226478
0.00137076806176555
0.00330384476144620
0.00571030977468176
0.00680540294219839
0.00659817156490797
0.00268421288006340
0.000727214041658868
0.00201827400723180
0.000838352980743432
0.00242713927279261
0.00571689036750965
-0.000567431186919221
0.00130729093024150
0.00146466368103243
0.00106100214391104
0.00533492570040679
0.00531363412565856
0.00118883279238273
0.00415719696660787
0.00556457126053801
0.00471489845448847
0.00109455832385609
0.00290452032015672
0.00149605432082359
0.000307326719104546
0.00332527777343556
0.00347705516478582
0.0120445323278767
0.00146432965592301
0.00578792789425902
0.00444045181749377
0.00364050954882445
0.00191979843655890
0.00301904601200241
0.00600429199957593
0.00653167852542088
4.73404252492764e-05
0.00652153805114341
0.00738837602580625
0.00629040013376990
-0.000521462999034878
0.00343234557201209
0.00237959698297362
-0.000400839393800001
0.000999892946598008
-0.000694006550156027
0.00322003412495985
0.000120145142378746
0.00440785732906650
0.000568451794737913
0.00152622285364152
0.00308862192665009
0.00338411014478488
-0.000333911350596098
0.00353687048118315
0.00275807302862900
-0.000346561628067133
0.00292661697362722
8.84836394698160e-06
0.00388440070629298
0.00226334331707840
0.00220513236540169
-0.000233503171245976
0.00303056339951702
0.000964814450151668
0.00571212642320512
0.00536367842448429
0.00193824680702239
0.00156695304017422
0.00867143380843864
0.00151680981364433
0.000130202859642457
0.000732575105129173
0.00224870198478381
0.00413329960788866
0.000775417518749064
5.80296455811790e-06
0.00624134238101642
0.00580779137979182
0.00346138682924275
0.00155609511269252
0.00247795788011488
0.00171937110192459
0.00501947252728263
0.00254304218125119
0.000170167522158277
0.00160319425800509
0.00207648152122408
-0.000930626429657749
0.00129812357413101
0.00312930308976549
-0.000481278195353911
0.000450732112341170
0.00363012149028744
0.00169496736486781
0.000594995738428118
0.00236377955219215
0.000399722108236685
0.00206561448927011
0.00137288834524609
0.00182459840625362
0.00492990302667334
-7.37481003471774e-05
-0.000237856932741627
0.00887771706712013
0.000662780241052177
0.00227390165047753
0.00123560192924104
0.00272710624134936
0.00144248670104805
0.00322911792307939
0.00319159821986837
0.00114460604442608
0.00131008057359520
0.00375576633231537
0.00233668723451334
0.00896856601836442
0.00398916390536197
0.00873030881179462
0.00372953561267707
0.00214466914006998
0.00250142180555927
0.00220978674205084
0.000220970343065517
0.0100539773406773
0.00516278542018788
0.000933372714493217
0.00139516671829604
0.00346596529680411
0.000135947534659445
0.00680769504068524
0.00699379970319905
0.00339914547946429
0.00346545421239071
0.000890692273011144
0.00338254656238457
0.00502064491877523
0.000236690578638527
0.000113715250612132
-4.08519191644106e-05
0.00422313212497093
0.00804198808084039
0.000541578639213514
0.000910380402340685
0.000107705610366076
0.00130597473291443
0.00147062683472363
0.00630124488068199
0.00220911233272402
0.00454180234812249
0.00598829951964784
0.00710379202431748
0.00512565552150078
0.00525272709506374
0.000180433398006961
0.00250504387952741
0.00567623976368596
0.00673063237876018
-0.000199480879040698
0.000801898262357694
0.00126564976629614
-0.000123540389975683
-0.000549366750462494
0.00257327709799388
0.00621945201716407
-0.000713657857321506
-0.000201263498778770
0.00208243027221427
0.00106292638841181
0.000562939878468877
0.000823910920425247
0.000183833924361149
0.00201514911807326
0.00221059740937727
0.000744248340242072
-0.000533799833438352
0.00458462449989371
-0.000461566362352379
0.000771753099489458
0.000516761666041129
0.00280588744643364
-5.19606230236570e-05
0.00289338284463635
0.00205448593705287
0.00561382929655976
0.000559350591233254
0.00270269219117927
0.00386265013257885
0.000961202469921842
0.00257815050675765
0.00377923959590155
0.00352882213685363
0.00227179991265366
0.00245360625722298
0.000445063265566393
0.00413877806956671
0.00277124367955504
0.00376859919817803
0.00475080463852897
0.00314223863891841
1.71393006099759e-05
0.000892251132195589
0.00379203348108949
0.000654423107538635
0.00228892587544682
0.00292214204056318
0.00151339578045625
0.00231585728429041
0.00278433409289280
0.00721324253073407
0.00351889064210762
0.00216637038505044
0.00404015488240622
0.00448031214783263
0.00667705325081818
0.00219731525041297
0.00896792155241747
-0.000476756578092845
0.000708516934330085
-0.000716505550675870
0.000130193658719820
0.00221071410192988
0.00108829708221734
0.00520550076352529
0.00302419510392653
0.000359711841144195
0.00477845425837723
0.00694655298909237
0.000652465272957419
-0.000599844553985029
0.00143522067935311
0.00385410452490762
0.00124688036365995
9.47064837311449e-05
0.00783752286891616
0.00600846325588650
0.00551288562288995
0.00212858833972696
0.00214217050465258
0.00813249956212424
0.00877449058296506
0.000173180144887757
0.00524147813559422
0.0115173444737129
0.00113665346622438
0.00118730463706778
0.00341767995966595
0.00423724076581103
0.00435631580712089
-0.000242349729369392
0.00156496248837406
0.00390921247162852
0.00427187161522709
0.00445340145996551
0.00223033414856473
-1.44702757277810e-05
0.000899831574648052
0.00828181045947847
0.0105137395301403
0.000970722063541258
0.00253282589528652
0.00165901806699443
0.00281209757927912
0.000402738044185901
0.00189776855984131
0.00246013766070476
0.00352996876065774
0.00205654134257840
0.00260518933420425
0.00877174128929120
0.00179238915624426
-0.000312129660810351
0.00214141040235393
0.00472560173005440
0.00157746743875198
-0.000435611997966871
0.00376820479397267
0.00296986067421572
0.00490547129608872
0.000456770310558525
0.00100484935155553
0.00136393248860621
0.000795401391298894
0.00348366752529663
0.000815316315978558
0.00260512504599396
0.00137007304896596
0.00274380955112706
0.00276002126084254
0.00206823596557329
0.00451756411399396
0.00436181815537282
0.00948490204943631
0.00390527095463015
0.00133404308551502
0.000834568562037649
0.00443825729097589
0.00180484767946607
0.000465793718169658
-0.000205020768308042
0.00519184155280104
0.000404875178428303
-6.69569048027536e-05
0.00253820678961714
0.00355903130910851
0.00410364335348304
0.00122329221360673
0.00223213526461204
0.000981807933805122
-0.000556857412164222
0.000966071651947978
0.00167231251530971
0.00834583916220676
0.00447697132424962
0.00167841955482103
0.00157878827197625
0.00356503505321038
0.00434498849295553
0.00126517128850665
0.00380565632527217
0.00214992046119918
0.000147233690833582
8.18804908911761e-05
0.00119028489413075
0.00249023355765990
0.000403269494471315
0.00610723309090064
0.000733569062345749
-0.000181903816284652
0.00118867347202242
0.00215280791202604
0.00102861234311372
0.00152293135405939
0.00506876020033342
0.000976652125792577
0.00188353283375723
0.000626655892603760
0.00269061658589293
-0.000136225416295047
0.00262480094560430
0.00233790987995640
0.00198430809089089
0.00348295597333133
0.00723809402364253
0.00296723580117885
-0.000127868613562994
-6.54901900749183e-05
0.00337627170447108
0.000782023138962150
0.00535367582135336
0.00142131703711800
0.00200604200380725
0.000587117379842568
0.00564112330318053
0.00278570349351287
0.00886598708416246
0.00861827495192267
0.00107609070022756
-0.000190987668067619
0.000891518198221613
0.00335629925153133
0.00102153384471949
0.00411402232618568
0.00503581628486384
0.000356228027272258
0.00104903493108613
-0.000513451344953546
0.00232297638269947
0.00143225462946100
0.000256754873056731
0.00160695983195114
0.00145662645380108
0.000613552088397026
-0.000628589221432032
0.00605655766309557
0.00219249776415691
0.00108154876949904
0.00275280930446755
0.00548600581424014
-0.000473221947508384
0.00438839234276277
0.00529502541494228
-0.000182010738669081
0.00318554339606188
0.00110817322307910
0.00275109711133153
0.00190365212127497