0.5854 
0.3758 
0.4858 
0.5810 
0.6414 
0.5361 
0.4288 
0.5340 
0.4308 
0.3116 
0.4043 
0.3155 
0.6501 
0.6498 
0.4629 
0.3168 
0.3568 
0.5028 
0.5172 
0.4524 
0.5293 
0.5138 
0.5849 
0.5319 
0.3078 
0.4066 
0.3721 
0.5188 
0.6744 
0.3100 
0.6579 
0.4544 
0.3231 
0.3200 
0.3693 
0.5382 
0.5839 
0.4156 
0.5205 
0.4117 
0.3821 
0.4100 
0.4915 
0.6279 
0.6698 
0.4154 
0.6630 
0.5003 
0.6665 
0.5690 
0.3065 
0.4631 
0.6663 
0.5254 
0.3881 
0.6427 
0.4505 
0.6299 
0.5971 
0.6175 
0.3483 
0.3071 
0.4419 
0.4644 
0.4808 
0.6757 
0.5074 
0.6846 
0.4200 
0.5030 
0.4974 
0.6359 
0.5055 
0.3536 
0.6466 
0.6323 
0.5766 
0.3439 
0.4965 
0.5299 
0.6128 
0.3402 
0.5413 
0.5966 
0.4217 
0.4595 
0.3824 
0.5329 
0.4021 
0.5881 
0.5240 
0.4409 
0.3287 
0.6543 
0.5313 
0.6888 
0.6836 
0.6452 
0.4216 
0.4755 
0.6575 
0.4243 
0.4998 
0.4012 
0.6203 
0.3270 
0.3360 
0.5550 
0.4832 
0.3661 
0.5151 
0.3813 
0.3673 
0.5670 
0.3632 
0.6768 
0.5152 
0.5711 
0.5684 
0.6642 
0.4652 
0.4255 
0.3993 
0.4661 
0.6032 
0.6279 
0.3653 
0.5631 
0.4951 
0.5176 
0.6570 
0.5608 
0.6650 
0.5387 
0.5734 
0.5750 
0.4982 
0.5042 
0.6549 
0.6494 
0.3168 
0.5360 
0.4108 
0.4704 
0.3482 
0.4785 
0.5991 
0.4237 
0.4942 
0.5873 
0.5034 
0.4678 
0.6791 
0.3985 
0.3222 
0.5948 
0.4134 
0.3183 
0.6450 
0.6138 
0.6844 
0.3521 
0.4772 
0.6028 
0.3937 
0.6222 
0.3796 
0.4670 
0.5990 
0.4387 
0.5437 
0.6958 
0.4085 
0.3617 
0.5640 
0.6325 
0.6757 
0.3487 
0.4691 
0.6380 
0.3153 
0.6219 
0.3019 
0.4983 
0.6050 
0.4254 
0.3738 
0.4991 
0.4732 
0.6539 
0.5485 
0.6304 
0.4764 
0.3825 
0.4019 
0.6403 
0.5252 
0.3455 
0.5267 
0.4433 
0.6939 
0.6484 
0.5192 
0.6072 
0.6573 
0.5718 
0.5476 
0.6867 
0.3896 
0.6320 
0.4888 
0.6579 
0.3810 
0.5057 
0.5652 
0.5572 
0.5765 
0.4416 
0.3745 
0.3492 
0.4002 
0.5965 
0.5627 
0.5982 
0.5205 
0.5403 
0.3468 
0.5361 
0.4837 
0.4538 
0.5184 
0.5377 
0.4079 
0.3430 
0.5415 
0.3352 
0.5161 
0.5244 
0.4303 
0.4044 
0.5319 
0.4936 
0.6271 
0.4922 
0.4670 
0.4814 
0.6760 
0.3779 
0.6606 
0.6012 
0.4825 
0.5161 
0.4125 
0.3356 
0.3684 
0.4541 
0.5006 
0.5142 
0.6461 
0.3448 
0.4445 
0.6919 
0.5997 
0.6225 
0.5449 
0.3979 
0.6398 
0.5219 
0.6411 
0.4129 
0.6314 
0.4608 
0.4322 
0.4272 
0.3126 
0.5852 
0.4893 
0.4717 
0.3481 
0.6912 
0.4777 
0.3844 
0.5569 
0.3525 
0.4117 
0.6193 
0.4357 
0.6271 
0.3369 
0.6364 
0.6049 
0.6316 
0.3636 
0.4074 
0.3816 
0.6344 
0.5239 
0.4352 
0.4359 
0.5007 
0.3562 
0.4834 
0.4128 
0.4905 
0.3721 
0.3386 
0.6563 
0.3964 
0.5161 
0.6358 
0.5260 
0.4889 
0.5245 
0.4677 
0.3617 
0.3571 
0.3760 
0.6247 
0.6682 
0.6329 
0.4782 
0.6500 
0.3001 
0.6474 
0.5352 
0.5711 
0.3939 
0.6968 
0.6284 
0.3741 
0.3614 
0.4425 
0.3449 
0.4534 
0.6756 
0.5899 
0.4525 
0.6028 
0.3396 
0.6380 
0.5122 
0.3766 
0.6764 
0.4567 
0.5126 
0.6944 
0.3895 
0.5695 
0.4121 
0.5928 
0.3637 
0.6697 
0.4376 
0.6240 
0.4121 
0.4433 
0.3844 
0.4141 
0.6777 
0.4852 
0.4087 
0.6499 
0.4302 
0.4639 
0.5325 
0.5108 
0.6245 
0.3302 
0.6777 
0.6339 
0.6616 
0.6150 
0.5273 
0.5693 
0.3950 
0.3341 
0.4637 
0.4450 
0.6325 
0.6092 
0.4559 
0.3237 
0.5757 
0.5366 
0.5957 
0.4814 
0.6156 
0.5748 
0.5318 
0.5907 
0.6657 
0.6839 
0.4935 
0.3598 
0.6120 
0.4218 
0.5335 
0.4930 
0.4383 
0.3219 
0.5470 
0.4453 
0.5297 
0.4534 
0.6438 
0.4307 
0.6055 
0.5173 
0.4656 
0.3161 
0.3071 
0.4390 
0.4539 
0.3427 
0.5681 
0.4338 
0.3635 
0.6089 
0.6236 
0.6734 
0.3314 
0.5922 
0.3449 
0.4350 
0.3578 
0.4011 
0.4388 
0.6902 
0.6824 
0.6156 
0.4652 
0.5394 
0.4646 
0.3001 
0.4226 
0.6198 
0.4873 
0.4371 
0.5896 
0.6867 
0.6716 
0.6843 
0.6093 
0.6452 
0.6444 
0.5612 
0.3442 
0.6295 
0.5712 
0.6626 
0.3525 
0.5637 
0.6230 
0.5466 
0.3251 
0.6500 
0.4344 
0.5812 
0.6991 
0.6235 
0.6411 
0.3423 
0.4379 
0.3573 
0.4362 
0.6992 
0.4339 
0.5304 
0.6335 
0.6611 
0.4707 
0.3523 
0.5104 
0.5303 
0.3591 
0.5939 
0.6097 
0.4506 
0.3132 
0.6538 
0.5957 
0.4646 
0.6490 
0.3466 
0.6071 
0.3419 
0.4781 
0.5160 
0.6821 
0.6137 
0.5938 
0.6661 
0.3039 
0.3353 
0.4782 
0.5271 
0.3250 
0.4316 
0.3250 
0.3310 
0.4314 
0.6091 
0.5665 
0.5088 
0.3967 
0.6562 
0.6048 
0.6352 
0.4919 
0.3965 
0.5408 
0.5638 
0.3202 
0.5947 
0.5955 
0.3638 
0.5525 
0.5478 
0.4897 
0.3495 
0.3262 
0.4950 
0.5442 
0.6650 
0.5356 
0.3567 
0.3645 
0.6147 
0.5703 
0.3831 
0.3808 
0.4263 
0.3894 
0.6743 
0.3105 
0.4014 
0.6454 
0.5001 
0.6205 
0.3567 
0.5698 
0.6692 
0.5226 
0.3507 
0.4334 
0.4251 
0.3050 
0.6179 
0.4664 
0.4397 
0.3318 
0.6012 
0.6650 
0.4442 
0.5586 
0.3379 
0.3584 
0.5881 
0.6814 
0.6394 
0.5737 
0.6481 
0.3620 
0.3888 
0.4461 
0.4440 
0.6801 
0.3523 
0.4500 
0.4756 
0.3832 
0.4278 
0.6977 
0.6955 
0.5673 
0.3200 
0.4942 
0.3514 
0.3799 
0.4837 
0.3696 
0.3854 
0.4879 
0.6606 
0.4977 
0.4874 
0.4300 
0.5011 
0.3740 
0.6128 
0.3301 
0.3607 
0.6440 
0.6123 
0.5173 
0.5456 
0.6212 
0.4299 
0.6833 
0.5114 
0.6947 
0.3363 
0.5317 
0.4329 
0.6397 
0.6167 
0.3748 
0.4955 
0.6166 
0.6090 
0.5995 
0.6623 
0.6071 
0.6599 
0.3124 
0.3162 
0.3344 
0.5425 
0.6171 
0.5310 
0.5427 
0.6766 
0.5760 
0.5883 
0.4124 
0.5129 
0.3462 
0.3610 
0.5321 
0.3755 
0.3327 
0.6767 
0.5793 
0.5380 
0.4732 
0.5926 
0.4763 
0.6205 
0.3796 
0.3682 
0.5616 
0.6633 
0.5573 
0.3331 
0.3318 
0.5198 
0.6628 
0.6973 
0.4882 
0.6135 
0.4248 
0.4728 
0.5598 
0.3843 
0.3423 
0.6447 
0.4484 
0.6897 
0.6764 
0.5084 
0.3305 
0.3479 
0.6275 
0.3728 
0.6137 
0.4686 
0.5364 
0.6120 
0.6645 
0.4357 
0.5159 
0.5512 
0.4459 
0.3393 
0.4995 
0.5575 
0.6485 
0.6376 
0.4552 
0.5773 
0.5793 
0.5514 
0.4109 
0.4094 
0.4987 
0.4827 
0.6906 
0.6888 
0.4675 
0.5494 
0.3180 
0.5654 
0.3167 
0.4024 
0.5210 
0.4396 
0.4881 
0.4305 
0.5451 
0.4261 
