2.9444
1.6816
2.3136
0.77314
3.2647
1.2808
2.6898
1.4808
5.5679
4.4533
3.082
0.9981
7.876
2.2936
5.3983
2.0352
1.1184
7.7484
5.7568
1.544
2.8293
3.9315
5.2314
7.0204
5.7072
6.5008
2.0926
8.8366
1.4132
2.4414
10.894
2.4837
1.8142
3.3963
1.8217
1.5017
1.1437
2.6276
1.2454
4.8666
4.7435
2.4886
1.2717
9.1397
6.8918
8.5719
5.9259
7.6658
8.314
7.0039
3.4701
4.5064
2.1237
2.0218
8.7
3.3652
3.3243
1.4337
0.7477
8.7326
1.0296
1.9916
1.5355
1.7956
7.7689
3.795
6.595
1.0819
2.3458
1.8971
7.5877
5.4951
1.0257
7.4569
2.6496
0.94459
5.0015
1.7879
7.3136
1.9715
0.92478
2.2736
2.3623
3.5027
5.5554
2.5736
1.582
0.92076
5.0131
1.2765
0.90496
2.9144
1.5481
2.2058
5.8081
1.8106
1.8866
8.2077
1.3418
1.2322
6.5789
2.0624
5.6174
5.0706
3.3448
1.1521
2.0318
1.3589
5.2546
5.6554
0.97886
2.6384
0.71097
4.6578
1.3964
5.3496
6.0353
4.213
15.673
2.8228
2.7017
1.0859
9.2268
2.1203
3.0067
2.0995
3.2554
3.7385
1.9982
2.1272
2.7967
0.70578
8.3407
2.8706
3.5801
2.4556
8.3965
0.68798
1.2542
5.5072
6.1451
0.82354
1.006
7.6868
6.2026
1.5689
1.4508
1.3887
6.3036
5.4576
12.529
0.76301
1.7575
0.72641
5.4827
1.603
6.1741
1.6073
7.2413
4.1684
1.1696
3.5688
4.0449
9.0196
1.3504
4.5168
1.1142
4.5698
5.9669
4.2239
6.8758
2.5428
2.0284
8.2345
3.5911
2.5129
5.2197
3.2842
1.0217
11.932
3.1512
3.1166
1.665
4.8886
3.8409
2.0251
1.5059
2.0016
4.6033
1.4047
0.64508
4.7774
0.93655
2.4602
7.1208
1.3248
2.1064
5.1278
1.5186
4.7221
6.7958
6.5633
0.91286
3.669
7.2958
1.1786
10.552
4.9448
1.6527
6.3183
1.2275
2.4791
1.9248
7.2775
4.6145
10.101
2.7385
5.9134
4.9332
2.7836
1.0099
7.206
1.5564
1.5399
6.1317
2.0962
6.3477
5.8608
2.8996
4.2907
2.5278
1.7649
2.3378
2.1375
1.8508
1.7803
1.0615
2.9986
11.5
1.0782
6.8432
5.446
1.9109
0.97499
6.3781
7.855
3.9091
0.98253
5.4702
5.3376
10.266
7.9662
3.8637
2.401
4.4748
7.1891
7.0525
4.7109
1.3071
1.6856
1.7378
0.67593
1.1226
1.9214
5.0822
4.0903
6.9717
2.2774
2.633
1.4466
6.0624
2.7578
1.4728
2.8359
2.2854
6.6718
3.2067
2.2894
3.8288
2.1306
2.4053
2.5683
1.4214
2.148
7.8984
4.389
10.452
3.1251
6.8115
2.622
8.6684
8.5108
9.6321
5.6425
7.402
2.3174
10.025
1.7842
4.3122
2.388
0.85175
1.4767
1.6774
8.0841
1.8328
0.99413
5.5799
7.1039
2.9752
6.104
1.7687
6.4245
2.1029
1.5228
1.9814
3.134
4.8997
4.1125
5.059
6.6874
0.80363
5.7313
1.1394
1.0375
1.0493
2.4745
1.201
0.84247
2.3837
8.7656
4.7653
2.6551
1.7454
8.6032
2.8851
4.6252
3.1969
5.8871
2.1585
1.9848
2.8639
6.5316
3.1604
3.5467
4.3018
7.6065
2.0419
0.73694
1.9283
2.0117
3.1076
5.3135
2.1099
2.9216
4.2468
4.4322
7.3667
3.9662
1.8436
2.3794
4.0003
1.9584
6.4847
0.81871
0.97112
4.8774
2.9675
4.2685
1.7533
3.6578
5.0479
7.9212
5.7822
1.6317
1.6979
2.3751
2.3924
0.9865
4.6894
9.8147
1.4296
9.3205
2.0082
9.1821
5.5309
1.965
1.8756
1.074
2.0521
2.1445
5.2086
1.4685
7.5123
1.978
7.0865
2.3215
2.4097
4.2023
9.6909
2.8161
2.2354
1.2675
3.8864
2.7902
1.7297
2.1837
1.2983
3.0649
3.5578
5.3742
1.9451
0.70003
4.1014
2.5789
4.3785
2.4278
1.6488
9.0982
1.316
2.414
6.9878
2.1168
1.0414
6.1603
4.0787
1.1061
5.7442
4.5811
4.6359
9.52
2.6783
7.0691
1.1652
3.9887
1.5144
1.3333
0.92862
3.2355
2.2577
0.81359
9.5744
5.4104
5.243
2.7261
0.59268
1.0575
0.8742
9.9529
2.0486
1.4379
1.7057
1.5606
4.0223
1.5776
7.4748
4.5587
6.2312
1.9007
1.8792
1.7256
7.3846
1.9551
2.6108
1.485
0.682
2.5892
3.4176
0.83314
6.2455
5.2666
1.8689
8.3689
5.9804
7.1547
3.355
2.3015
1.3755
1.7095
4.5922
8.1827
2.1875
1.9617
9.8824
3.7501
8.9447
4.6792
4.3998
3.8065
1.1479
5.2898
7.7073
6.9396
6.3629
9.3705
5.1501
0.96735
4.4636
1.6938
1.6236
2.0385
9.7509
1.9349
0.75811
2.3708
1.0657
5.6055
3.6925
2.0793
3.3863
6.7334
11.171
3.4492
2.8032
4.3458
1.3627
4.4107
1.9315
2.5227
1.1566
4.4215
1.4421
1.0533
2.1984
1.7174
2.9366
0.86527
1.6362
1.9517
6.7494
0.72105
2.5532
2.0724
2.3967
1.1019
5.3256
2.6607
11.702
2.3418
6.4088
1.1919
1.6151
1.1311
1.5102
0.89647
2.239
1.6732
0.96338
5.9947
6.6102
5.8473
6.3933
2.9596
1.7765
3.0232
1.6608
4.3676
13.48
1.3924
2.4508
6.008
2.1801
1.346
4.9903
2.2427
3.1783
0.78328
8.2613
4.6466
0.95601
4.9671
5.1733
1.3114
4.2798
1.2938
2.0049
3.2167
3.304
0.93236
4.0112
4.3347
7.4208
2.5944
1.5947
0.86974
1.4089
1.829
1.2366
1.2587
2.3055
1.8901
7.3484
2.5582
6.6254
4.5274
1.8579
5.5434
3.6462
5.7955
2.9519
7.8109
6.9239
2.0825
1.2232
1.8068
4.8555
5.422
1.5647
2.446
1.3375
2.6164
6.2732
8.425
2.155
3.0734
4.0335
5.821
8.6353
4.2576
3.7837
4.1796
1.7415
2.1911
3.5135
1.84
8.1086
2.6053
1.1608
6.7034
1.2632
4.956
0.94843
2.2815
5.0938
1.4174
2.4933
1.2186
3.4809
2.2278
0.8788
2.059
2.7451
3.8175
1.9075
1.8723
8.9072
2.1692
2.5328
2.0892
0.85621
6.9084
1.6194
1.094
5.6947
2.3257
2.1621
2.0658
0.88777
1.3292
3.7044
1.6898
5.6809
1.6112
8.8014
2.7079
1.2143
1.8364
1.0336
1.2896
2.5479
1.7993
2.4368
5.3617
6.5164
0.65454
7.439
3.1694
1.2097
7.036
3.875
4.4953
0.73136
2.0759
3.9774
2.2242
1.7018
1.8829
2.7643
2.8095
3.7608
2.2539
5.9004
1.455
2.5998
1.2853
2.2696
2.2464
7.8328
0.90067
2.3337
1.8473
0.91687
5.7697
1.5734
10.358
2.465
0.7885
7.1731
9.4201
7.5502
1.7337
2.2131
2.2096
11.025
1.7727
2.7141
1.09
1.4975
6.333
2.2976
1.0698
2.6958
1.2498
3.0564
2.4186
3.6233
3.5357
4.8444
7.569
2.7512
7.4931
2.1948
1.9385
2.644
1.4007
6.4692
3.1875
9.4687
10.66
6.2161
6.5473
7.6265
4.5484
1.4253
2.4697
8.5407
7.1378
1.7135
2.1763
5.5193
2.1342
0.66959
2.584
2.5178
6.8596
2.1134
0.80841
4.7885
2.4232
1.1102
6.9561
2.3666
1.183
8.2867
7.531
1.8255
0.89219
1.1876
3.0313
4.8221
4.1907
10.18
2.015
3.5249
1.3026
2.857
6.8271
1.4933
0.76824
5.63
1.4596
1.1269
12.199
2.3296
5.139
0.79363
6.0906
7.9435
0.90884
1.014
2.5634
1.098
0.71596
3.4282
3.1427
0.79872
5.3867
1.3847
8.0113
6.4544
3.0479
0.83805
2.7707
1.3802
2.8926
1.5863
8.0595
2.503
0.99036
2.3497
2.8431
0.82845
3.7273
1.818
7.331
6.6405
4.2352
1.5989
5.9393
8.871
5.3019
4.4851
4.1575
2.2206
4.3235
2.878
3.6121
1.7495
1.4892
0.95963
2.2168
2.7769
7.6466
2.0557
2.9907
1.8544
4.8332
1.6692
7.7279
1.2055
5.1617
1.5523
5.5929
9.2727
2.0184
3.4922
4.5381
7.7899
1.002
5.1162
1.3708
4.0563
3.4596
4.1236
6.2879
1.8654
3.8979
2.2315
4.9113
1.3203
2.6665
5.7188
6.1174
6.7651
2.2501
3.6807
3.3344
4.7547
0.69405
1.1965
3.9434
4.6685
1.1353
6.2594
1.8031
3.716
3.0991
5.8344
0.86063
4.7011
1.6569
2.6723
2.2617
2.0692
5.1965
5.1849
3.2256
1.9747
4.4429
1.9144
2.7203
8.1323
1.1741
0.88335
1.9041
6.1888
3.3141
1.5311
3.9204
4.7997
6.4397
6.7811
2.354
5.0358
12.938
1.3546
2.9071
3.0147
0.75288
5.434
3.4066
1.9179
1.7917
4.135
1.3664
0.7423
1.6278
1.9949
6.0496
5.8741
5.9531
14.322
3.274
3.2455
3.7724
0.77823
4.9783
2.8501
3.294
1.9684
2.983
1.4642
3.852
1.5267
4.8109
1.9882
4.9225
10.772
1.8616
2.141
1.7215
3.0907
7.2592
2.1515
6.0764
2.9291
2.1727
3.6345
0.84697
1.0176
7.2231
6.0215
8.1569
8.035
5.1051
2.0454
8.4808
3.3761
8.4532
1.7613
5.2778
9.0576
1.9418
0.63258
1.8936
2.5079
2.7324
3.4386
0.94057
2.3583
1.6447
1.0455
2.2655
1.9485
4.3567
3.6022
2.4322
3.9546
1.6403
2.5378
2.4981
11.329
5.0242
2.1657
4.1464
4.0672
0.66254
8.9817
1.5904
1.241
2.6842
7.9877
2.0858
2.2022
6.6557
3.0396
5.6679
0.95214
6.7182
2.3095
4.7324
