3.8486
2.1981
3.0241
1.0106
4.2674
1.6741
3.5158
1.9356
7.2779
5.8209
4.0284
1.3046
10.295
2.998
7.0562
2.6602
1.4619
10.128
7.5247
2.0182
3.6982
5.1389
6.838
9.1765
7.4599
8.4973
2.7352
11.551
1.8472
3.1912
14.239
3.2465
2.3715
4.4393
2.3812
1.9629
1.4949
3.4345
1.6279
6.3613
6.2003
3.2529
1.6623
11.947
9.0081
11.204
7.7458
10.02
10.868
9.1549
4.5359
5.8905
2.776
2.6428
11.372
4.3988
4.3452
1.8741
0.97734
11.414
1.3458
2.6032
2.0071
2.347
10.155
4.9605
8.6202
1.4141
3.0662
2.4798
9.9179
7.1828
1.3407
9.7471
3.4633
1.2346
6.5375
2.337
9.5595
2.5771
1.2088
2.9719
3.0878
4.5785
7.2616
3.3639
2.0679
1.2035
6.5527
1.6686
1.1829
3.8095
2.0236
2.8832
7.5918
2.3666
2.4659
10.729
1.7539
1.6106
8.5994
2.6958
7.3427
6.6279
4.3721
1.506
2.6557
1.7762
6.8683
7.3922
1.2794
3.4487
0.9293
6.0882
1.8253
6.9926
7.8887
5.5069
20.486
3.6897
3.5314
1.4194
12.061
2.7715
3.9301
2.7443
4.2552
4.8866
2.6119
2.7806
3.6557
0.92251
10.902
3.7522
4.6796
3.2097
10.975
0.89929
1.6394
7.1985
8.032
1.0765
1.3149
10.047
8.1078
2.0508
1.8963
1.8152
8.2395
7.1338
16.378
0.99738
2.2972
0.94949
7.1665
2.0953
8.0703
2.1009
9.4654
5.4487
1.5287
4.6648
5.287
11.789
1.7651
5.9039
1.4564
5.9733
7.7995
5.5211
8.9873
3.3237
2.6513
10.763
4.694
3.2847
6.8228
4.2929
1.3354
15.596
4.119
4.0737
2.1763
6.3899
5.0204
2.647
1.9684
2.6163
6.0171
1.8362
0.84318
6.2446
1.2242
3.2157
9.3073
1.7316
2.7533
6.7026
1.985
6.1723
8.8828
8.5787
1.1932
4.7959
9.5364
1.5406
13.793
6.4634
2.1602
8.2587
1.6046
3.2405
2.5159
9.5125
6.0317
13.203
3.5795
7.7295
6.4483
3.6386
1.3201
9.4191
2.0344
2.0128
8.0144
2.7399
8.297
7.6606
3.7901
5.6085
3.3042
2.307
3.0557
2.794
2.4192
2.3271
1.3876
3.9195
15.032
1.4094
8.945
7.1187
2.4979
1.2744
8.3369
10.267
5.1095
1.2844
7.1501
6.9768
13.419
10.413
5.0503
3.1384
5.8491
9.3967
9.2188
6.1577
1.7085
2.2033
2.2714
0.88349
1.4675
2.5114
6.6431
5.3465
9.1126
2.9769
3.4417
1.8908
7.9243
3.6047
1.9252
3.7069
2.9873
8.7208
4.1915
2.9925
5.0047
2.7849
3.1441
3.3571
1.858
2.8077
10.324
5.7369
13.662
4.0848
8.9035
3.4272
11.331
11.125
12.59
7.3753
9.6753
3.0291
13.105
2.3322
5.6365
3.1213
1.1133
1.9302
2.1926
10.567
2.3957
1.2995
7.2937
9.2858
3.8889
7.9786
2.3119
8.3975
2.7488
1.9904
2.5899
4.0965
6.4044
5.3755
6.6128
8.7415
1.0504
7.4914
1.4894
1.3562
1.3716
3.2344
1.5698
1.1012
3.1158
11.457
6.2289
3.4706
2.2814
11.245
3.7712
6.0456
4.1787
7.695
2.8215
2.5944
3.7434
8.5372
4.131
4.636
5.6229
9.9426
2.6691
0.9633
2.5205
2.6295
4.062
6.9453
2.7579
3.8188
5.551
5.7933
9.629
5.1842
2.4098
3.1101
5.2289
2.5599
8.4765
1.0702
1.2694
6.3753
3.8789
5.5794
2.2918
4.7811
6.5982
10.354
7.5579
2.1329
2.2193
3.1045
3.1271
1.2895
6.1297
12.829
1.8686
12.183
2.625
12.002
7.2294
2.5684
2.4517
1.4038
2.6823
2.8031
6.8082
1.9196
9.8197
2.5856
9.2627
3.0344
3.1497
5.4929
12.667
3.681
2.9218
1.6568
5.0799
3.6471
2.2609
2.8545
1.697
4.0061
4.6506
7.0247
2.5425
0.91501
5.361
3.3709
5.7233
3.1734
2.1552
11.892
1.7202
3.1554
9.1342
2.7669
1.3612
8.0519
5.3313
1.4458
7.5084
5.9879
6.0597
12.444
3.5008
9.2403
1.523
5.2137
1.9794
1.7427
1.2138
4.2291
2.9511
1.0635
12.515
7.072
6.8531
3.5634
0.7747
1.3822
1.1427
13.01
2.6778
1.8795
2.2295
2.0398
5.2575
2.0621
9.7702
5.9587
8.1445
2.4845
2.4564
2.2556
9.6529
2.5556
3.4126
1.941
0.89147
3.3843
4.4672
1.089
8.1637
6.8841
2.4428
10.939
7.817
9.352
4.3854
3.0083
1.798
2.2346
6.0025
10.696
2.8593
2.5642
12.917
4.9018
11.692
6.1163
5.751
4.9755
1.5005
6.9144
10.074
9.0711
8.3169
12.248
6.7318
1.2644
5.8345
2.214
2.1223
2.6646
12.746
2.5292
0.99091
3.0989
1.3929
7.3269
4.8265
2.7179
4.4263
8.8014
14.603
4.5084
3.6641
5.6806
1.7812
5.7653
2.5247
3.2974
1.5117
5.7795
1.8851
1.3768
2.8736
2.2447
3.8385
1.131
2.1386
2.5512
8.8221
0.94247
3.3372
2.7089
3.1328
1.4403
6.9611
3.4778
15.295
3.0611
8.3768
1.558
2.1111
1.4785
1.974
1.1718
2.9268
2.1871
1.2592
7.8357
8.6401
7.6432
8.3568
3.8685
2.3221
3.9516
2.171
5.7089
17.62
1.8201
3.2034
7.8531
2.8496
1.7595
6.5229
2.9315
4.1544
1.0238
10.798
6.0736
1.2497
6.4926
6.7622
1.7142
5.5942
1.6912
2.6207
4.2045
4.3186
1.2187
5.2431
5.666
9.7
3.3913
2.0845
1.1369
1.8416
2.3908
1.6164
1.6453
3.0136
2.4707
9.605
3.3438
8.6601
5.9179
2.4286
7.2458
4.766
7.5755
3.8585
10.21
9.0504
2.7221
1.5987
2.3617
6.3467
7.0871
2.0452
3.1972
1.7484
3.4199
8.1996
11.013
2.8169
4.0172
5.2722
7.6087
11.287
5.5652
4.9456
5.4631
2.2764
2.864
4.5925
2.405
10.599
3.4054
1.5173
8.7623
1.6511
6.478
1.2397
2.9822
6.6583
1.8527
3.259
1.5929
4.5499
2.912
1.1487
2.6914
3.5881
4.9899
2.4934
2.4472
11.643
2.8355
3.3106
2.7308
1.1192
9.0296
2.1168
1.4299
7.4436
3.0399
2.8261
2.7002
1.1604
1.7374
4.842
2.2088
7.4255
2.1061
11.504
3.5396
1.5872
2.4003
1.3509
1.6856
3.3304
2.3518
3.1851
7.0084
8.518
0.85555
9.724
4.1427
1.5813
9.1972
5.0651
5.8759
0.95595
2.7134
5.1989
2.9073
2.2245
2.4612
3.6132
3.6724
4.9158
2.9462
7.7126
1.9019
3.3982
1.6801
2.9666
2.9363
10.238
1.1773
3.0505
2.4146
1.1985
7.5416
2.0567
13.539
3.222
1.0307
9.376
12.313
9.8692
2.2662
2.8928
2.8881
14.411
2.317
3.5477
1.4248
1.9574
8.2778
3.0032
1.3983
3.5237
1.6337
3.995
3.1614
4.736
4.6215
6.3321
9.8931
3.5963
9.7942
2.8688
2.5338
3.4561
1.8308
8.4558
4.1664
12.377
13.934
8.1254
8.5579
9.969
5.9453
1.863
3.2282
11.164
9.3297
2.2398
2.8447
7.2143
2.7896
0.87519
3.3776
3.291
8.9666
2.7624
1.0567
6.2592
3.1674
1.4513
9.0927
3.0934
1.5465
10.832
9.8437
2.3861
1.1662
1.5523
3.9623
6.3029
5.4777
13.306
2.6339
4.6074
1.7027
3.7344
8.9235
1.9519
1.0042
7.359
1.9078
1.4729
15.945
3.0451
6.7172
1.0374
7.9611
10.383
1.188
1.3253
3.3506
1.4352
0.93584
4.481
4.1078
1.044
7.041
1.81
10.472
8.4366
3.984
1.0954
3.6216
1.8041
3.781
2.0734
10.535
3.2717
1.2946
3.0715
3.7162
1.0829
4.872
2.3764
9.5827
8.68
5.5359
2.0899
7.7634
11.595
6.9302
5.8625
5.4344
2.9026
5.6513
3.7618
4.7214
2.2868
1.9465
1.2544
2.8977
3.6297
9.9953
2.6869
3.9093
2.424
6.3175
2.1818
10.101
1.5757
6.747
2.0289
7.3106
12.121
2.6383
4.5646
5.9319
10.182
1.3097
6.6875
1.7918
5.302
4.5221
5.3901
8.2188
2.4383
5.095
2.9169
6.4197
1.7258
3.4854
7.4751
7.9961
8.8429
2.9411
4.8111
4.3584
6.2149
0.90719
1.5639
5.1544
6.1023
1.484
8.182
2.3569
4.8572
4.0509
7.6262
1.1249
6.1448
2.1657
3.4929
2.9562
2.7047
6.7925
6.7773
4.2163
2.5812
5.8073
2.5024
3.5557
10.63
1.5347
1.1546
2.4888
8.0895
4.3319
2.0014
5.1243
6.2738
8.4175
8.8636
3.0769
6.5824
16.912
1.7707
3.7999
3.9405
0.98413
7.1029
4.4529
2.5069
2.3419
5.4049
1.786
0.97024
2.1276
2.6076
7.9074
7.6781
7.7814
18.72
4.2794
4.2423
4.931
1.0172
6.5072
3.7253
4.3056
2.5728
3.8991
1.9138
5.035
1.9956
6.2884
2.5987
6.4342
14.08
2.4334
2.7986
2.2503
4.0399
9.4885
2.8122
7.9425
3.8287
2.84
4.7506
1.1071
1.3302
9.4414
7.8707
10.662
10.503
6.6728
2.6735
11.085
4.4129
11.05
2.3022
6.8986
11.839
2.5381
0.82682
2.4751
3.2781
3.5715
4.4946
1.2295
3.0825
2.1497
1.3665
2.9613
2.547
5.6946
4.7085
3.1791
5.1692
2.1441
3.3172
3.2654
14.807
6.5673
2.8308
5.4198
5.3163
0.86601
11.74
2.0789
1.6221
3.5086
10.441
2.7264
2.8785
8.7
3.9732
7.4086
1.2445
8.7814
3.0189
6.1857
